 number long(deg/decimal) lat ellipHeight(m)
        1   98.550000   33.050000    4372.431       -0.0064       -0.0821       -0.4948        1.6642        9.6285
        2   98.650000   33.050000    4372.834       -0.0128       -0.0748       -0.1234        0.1747       53.4893
        3   98.750000   33.050000    4530.959        0.0292       -0.3837       -0.3162       -1.3952      -50.7005
        4   98.850000   33.050000    4567.407        0.0166       -0.5441       -0.6622        0.5086       66.8856
        5   98.950000   33.050000    4646.551        0.0452       -0.7076       -1.6590       -1.6979      -60.9009
        6   99.050000   33.050000    4672.380        0.0490       -0.6732       -0.4186        0.3348      -75.5007
        7   99.150000   33.050000    4611.765        0.0407       -1.0746        1.6103        0.5141     -111.7206
        8   99.250000   33.050000    4475.199        0.0054       -0.2256        1.0146        0.8318       38.8497
        9   99.350000   33.050000    4447.885        0.0124       -0.1002       -0.4056       -0.5849        0.7054
       10   99.450000   33.050000    4506.390        0.0334       -0.7033        0.0026       -0.3758      -97.2163
       11   99.550000   33.050000    4518.735        0.0390       -0.4126        0.3268        0.4248      -58.9618
       12   99.650000   33.050000    4475.022        0.0319       -0.3339        0.5650        0.7826      -43.2474
       13   99.750000   33.050000    4378.569        0.0028       -0.3109       -0.6958        0.2613       69.6261
       14   99.850000   33.050000    4354.066        0.0078       -0.1080       -0.6695       -0.7332        5.8386
       15   99.950000   33.050000    4278.495        0.0007       -0.0509        0.9972        0.9126        6.8257
       16  100.050000   33.050000    4218.105       -0.0076        0.0090       -0.7313       -0.7778       32.0358
       17  100.150000   33.050000    4290.157        0.0183       -0.2042       -0.3802       -1.0382      -44.5936
       18  100.250000   33.050000    4305.234        0.0272       -0.2641        0.5831        0.0447      -53.8878
       19  100.350000   33.050000    4237.498        0.0041       -0.0856        0.4420        0.7289       30.8907
       20  100.450000   33.050000    4184.618        0.0007       -0.0284        1.4170        0.3455        1.0032
       21   98.550000   33.150000    4340.693       -0.0165       -1.0956        0.6379       -0.4747      152.8693
       22   98.650000   33.150000    4541.246        0.0315       -0.2289       -1.5078       -1.2733      -11.7492
       23   98.750000   33.150000    4688.109        0.0481       -0.8050       -0.2301        0.4974      -85.7679
       24   98.850000   33.150000    4691.217        0.0307       -0.4397       -0.0071       -0.8071      -11.8598
       25   98.950000   33.150000    4672.256        0.0257       -0.5965        3.0580        0.7429       -1.9762
       26   99.050000   33.150000    4589.422        0.0015       -0.4369        2.0110        0.5384       49.6547
       27   99.150000   33.150000    4475.800       -0.0185       -0.8002       -0.0423        0.1735      123.6781
       28   99.250000   33.150000    4467.585        0.0071       -0.1307       -0.5175       -0.8611       -5.7686
       29   99.350000   33.150000    4443.482        0.0057       -0.1038        0.7303        0.7124       -5.4530
       30   99.450000   33.150000    4428.700       -0.0025       -0.3471        0.4681       -0.3081       74.8725
       31   99.550000   33.150000    4466.673        0.0254       -0.1519       -0.0138       -0.4240       -7.9933
       32   99.650000   33.150000    4427.053        0.0196       -0.1218        0.7453        0.1937       -7.7019
       33   99.750000   33.150000    4412.459        0.0160       -0.2055        1.0859       -0.2429      -27.9268
       34   99.850000   33.150000    4416.081        0.0289       -0.4103        0.3742        0.0990      -66.6179
       35   99.950000   33.150000    4326.951        0.0146       -0.0712       -0.7917        0.2072       -1.7164
       36  100.050000   33.150000    4303.598        0.0061       -0.0716       -0.4208       -0.6107       24.5849
       37  100.150000   33.150000    4313.153        0.0175       -0.1077       -0.2067        0.4407      -17.4719
       38  100.250000   33.150000    4218.308       -0.0013       -0.0245        0.1131        0.2000       36.6084
       39  100.350000   33.150000    4138.722       -0.0146        0.0260        0.6758        0.7846       27.7610
       40  100.450000   33.150000    4091.170       -0.0108       -0.0385       -1.2942       -1.0590       47.5967
       41   98.550000   33.250000    4409.082       -0.0111       -0.2278        0.0808       -0.7913       76.1490
       42   98.650000   33.250000    4663.422        0.0263       -0.2724        0.1365       -1.1441       -0.7695
       43   98.750000   33.250000    4800.781        0.0538       -0.8062       -0.7282        0.3494      -77.0574
       44   98.850000   33.250000    4754.024        0.0325       -0.4360       -0.4435        0.7502      -12.5992
       45   98.950000   33.250000    4674.698        0.0233       -0.4348       -1.3669        0.4633      -26.3233
       46   99.050000   33.250000    4658.887        0.0208       -0.3730       -1.6918       -0.8078       -6.6891
       47   99.150000   33.250000    4632.609        0.0266       -0.4960       -0.5857        0.8734      -51.8742
       48   99.250000   33.250000    4513.422        0.0033       -0.2189        0.2957        0.3651       36.1468
       49   99.350000   33.250000    4405.363       -0.0145       -0.4163       -0.2723        0.0319       90.8026
       50   99.450000   33.250000    4445.303        0.0248       -0.4984       -0.4440       -1.4335      -76.6949
       51   99.550000   33.250000    4405.671        0.0089       -0.1187        0.5068        1.3185       -6.0646
       52   99.650000   33.250000    4344.604       -0.0100       -0.1802       -0.2054       -0.7471       58.8320
       53   99.750000   33.250000    4398.319        0.0128       -0.1180       -0.7783       -0.4426       -5.0871
       54   99.850000   33.250000    4398.681        0.0282       -0.2769        0.1685        0.1260      -49.2689
       55   99.950000   33.250000    4359.588        0.0188       -0.0968        0.3428       -0.0898       -3.2169
       56  100.050000   33.250000    4362.829        0.0209       -0.2431        0.0509       -0.1006      -44.7638
       57  100.150000   33.250000    4307.864        0.0141       -0.1379        0.5296        0.9587      -17.8147
       58  100.250000   33.250000    4220.813       -0.0041       -0.0192       -0.3016       -0.3098       29.5884
       59  100.350000   33.250000    4199.346        0.0059        0.0157       -0.7273       -0.2866       16.5375
       60  100.450000   33.250000    4170.042        0.0104        0.0247        0.2429        0.1094        6.7767
       61   98.550000   33.350000    4467.810       -0.0113       -0.2047        0.5779       -0.5150       58.9204
       62   98.650000   33.350000    4640.203        0.0205       -0.6316        2.2326       -1.6231      -47.7883
       63   98.750000   33.350000    4746.893        0.0370       -0.5870        1.5694       -0.0705      -41.7797
       64   98.850000   33.350000    4716.507        0.0267       -0.4342        0.9510       -0.7586       -1.4758
       65   98.950000   33.350000    4695.034        0.0206       -0.3863        0.7895       -0.4098       19.1135
       66   99.050000   33.350000    4772.661        0.0552       -1.3123        0.9832       -0.2286     -117.2014
       67   99.150000   33.350000    4736.960        0.0482       -0.7177       -0.4685        0.0847      -67.4504
       68   99.250000   33.350000    4631.234        0.0487       -0.7355       -0.1853        0.1230      -85.8837
       69   99.350000   33.350000    4479.798        0.0242       -0.6832        0.0408        1.9774      -86.6705
       70   99.450000   33.350000    4333.037       -0.0232       -0.3213        1.3803       -0.8874       77.7315
       71   99.550000   33.350000    4330.604       -0.0130       -0.0308       -0.0802        0.7240       26.2625
       72   99.650000   33.350000    4368.944        0.0087       -0.1028       -0.6024       -1.2950       -9.8646
       73   99.750000   33.350000    4379.755        0.0235       -0.3639        1.1081        0.5063      -60.1252
       74   99.850000   33.350000    4303.060       -0.0040       -0.2355        0.4620        0.4337       69.0275
       75   99.950000   33.350000    4322.892        0.0161       -0.1693       -0.2149       -0.0658      -38.6740
       76  100.050000   33.350000    4300.283       -0.0004       -0.1159        0.2556       -0.0057       39.9740
       77  100.150000   33.350000    4282.152        0.0064       -0.1438        0.4271        0.2329      -32.8385
       78  100.250000   33.350000    4285.493        0.0074       -0.1156       -0.5032       -0.4844       29.0849
       79  100.350000   33.350000    4337.795        0.0412       -0.7113       -1.0248        0.1632      -99.1507
       80  100.450000   33.350000    4197.931        0.0096       -0.1458        0.2302        1.1334      -28.9415
       81   98.550000   33.450000    4520.276       -0.0186       -0.3772       -1.0409       -0.2316       77.9904
       82   98.650000   33.450000    4600.827       -0.0055       -0.4588       -1.5113       -0.6849       65.7515
       83   98.750000   33.450000    4654.728        0.0184       -0.3144       -0.0334        0.1081      -18.3106
       84   98.850000   33.450000    4585.899       -0.0050       -0.3360        0.6720        0.8401       52.1073
       85   98.950000   33.450000    4580.227       -0.0045       -0.3587        0.0823        0.1992       62.4850
       86   99.050000   33.450000    4703.335        0.0377       -0.5530       -0.4254       -1.2204      -41.8190
       87   99.150000   33.450000    4701.017        0.0333       -0.5287       -0.5957        0.5130       43.9694
       88   99.250000   33.450000    4580.363        0.0239       -0.4290        0.5158        0.9367      -42.1256
       89   99.350000   33.450000    4406.515       -0.0224       -0.6499       -0.1740        0.3394      107.7005
       90   99.450000   33.450000    4313.940       -0.0136       -0.0228       -0.9614        0.2350       37.1562
       91   99.550000   33.450000    4321.853        0.0051        0.0034       -0.6042       -0.9330        1.5897
       92   99.650000   33.450000    4364.745        0.0209       -0.3165        0.2395        0.6863      -63.2097
       93   99.750000   33.450000    4255.985       -0.0193       -0.2002        0.5530        0.3796       78.8974
       94   99.850000   33.450000    4263.256        0.0036       -0.1243       -0.0633       -0.4037      -46.3352
       95   99.950000   33.450000    4264.050        0.0017        0.0057        0.1024       -0.3610       10.0468
       96  100.050000   33.450000    4269.619       -0.0006       -0.0317        0.1224        0.3081       -2.0751
       97  100.150000   33.450000    4236.598       -0.0050       -0.0281       -0.0310        0.3824       -1.7712
       98  100.250000   33.450000    4301.838        0.0171       -0.2027        0.3753       -0.8554      -33.5696
       99  100.350000   33.450000    4359.594        0.0406       -1.0935        0.4376        0.7992     -123.0514
      100  100.450000   33.450000    4206.593       -0.0197       -0.8106       -0.0558        0.3432      121.1454
      101   98.550000   33.550000    4659.023        0.0259       -0.4404        0.1563       -0.2283      -47.3399
      102   98.650000   33.550000    4720.232        0.0382       -0.8620        0.3119        0.5593      -90.8334
      103   98.750000   33.550000    4664.799        0.0263       -0.3721       -0.7451       -0.0687      -29.2206
      104   98.850000   33.550000    4548.364        0.0016       -0.2575       -0.5916        1.5770       20.8442
      105   98.950000   33.550000    4516.477       -0.0002       -0.1242        0.4070       -0.6264       16.8323
      106   99.050000   33.550000    4655.480        0.0497       -1.2908        0.4000       -0.2582     -132.6808
      107   99.150000   33.550000    4639.858        0.0405       -0.5684        0.7212        0.6368      -70.0997
      108   99.250000   33.550000    4514.902        0.0275       -0.4556        0.2889        0.5299      -66.6004
      109   99.350000   33.550000    4453.390        0.0320       -0.6565       -0.4549       -1.1458      -93.0926
      110   99.450000   33.550000    4339.583        0.0200       -0.3246        0.7130        1.8659      -60.7503
      111   99.550000   33.550000    4295.476        0.0023        0.0263        0.5034       -0.4019       16.8708
      112   99.650000   33.550000    4352.573        0.0178       -0.0775       -0.9378       -0.3590       -1.0684
      113   99.750000   33.550000    4264.804        0.0087       -0.1386       -0.1091        0.6933      -46.0083
      114   99.850000   33.550000    4201.857       -0.0050        0.0683        0.6852       -0.1446       19.9372
      115   99.950000   33.550000    4217.313       -0.0001       -0.0690       -1.0859       -0.6887       36.6498
      116  100.050000   33.550000    4219.677        0.0074       -0.2162        1.3921       -0.1366      -54.8520
      117  100.150000   33.550000    4129.894       -0.0256       -0.2763        1.5325        0.9550       79.1452
      118  100.250000   33.550000    4173.375       -0.0103       -0.0465        1.9297       -0.2474        6.7607
      119  100.350000   33.550000    4280.313        0.0189       -0.1994       -0.5564       -0.3923      -22.3036
      120  100.450000   33.550000    4309.546        0.0255       -0.2630       -0.7780       -1.2853        2.6885
      121   98.550000   33.650000    4679.982        0.0286       -0.3293       -0.0756       -0.5154      -21.2840
      122   98.650000   33.650000    4697.547        0.0337       -0.4796       -0.1423        0.4959      -49.4277
      123   98.750000   33.650000    4618.284        0.0202       -0.2450        0.7564       -0.0955        0.8408
      124   98.850000   33.650000    4495.173        0.0058       -0.1107        0.8408        1.2081       -9.5111
      125   98.950000   33.650000    4356.544       -0.0254       -0.1824        0.2197        0.2350       78.1911
      126   99.050000   33.650000    4415.016       -0.0077       -0.0870        1.0582       -0.6674       38.3434
      127   99.150000   33.650000    4406.735       -0.0054       -0.2185        0.9557        1.1791       54.9178
      128   99.250000   33.650000    4334.404       -0.0054       -0.0026        0.4536       -0.9308       22.4504
      129   99.350000   33.650000    4300.596        0.0033        0.0564        1.2208        0.4329      -26.6483
      130   99.450000   33.650000    4198.764       -0.0153       -0.1240        0.3161        0.4722       81.0890
      131   99.550000   33.650000    4283.543        0.0281       -0.2519       -0.8309       -1.6117      -62.2652
      132   99.650000   33.650000    4364.644        0.0473       -1.1863        1.1698        0.4957     -140.5420
      133   99.750000   33.650000    4217.270       -0.0032       -0.0224        0.0614        1.0099       44.6429
      134   99.850000   33.650000    4190.659        0.0153       -0.3844       -0.4428       -1.0003      -79.7192
      135   99.950000   33.650000    4155.409        0.0043       -0.0545        1.8992        1.1792      -27.1524
      136  100.050000   33.650000    4115.454       -0.0172       -0.1195       -0.8093       -0.5467       70.8030
      137  100.150000   33.650000    4127.593       -0.0012       -0.0821       -1.3470        0.9795      -39.4448
      138  100.250000   33.650000    4070.042       -0.0300       -0.3019       -1.4991        0.4158       87.1181
      139  100.350000   33.650000    4231.230        0.0252       -1.2607        1.2239       -1.5886     -131.7756
      140  100.450000   33.650000    4285.395        0.0225       -0.3382        1.8857        0.4806      -35.9539
      141   98.550000   33.750000    4618.993        0.0302       -0.3202        0.4602        0.0239      -37.3496
      142   98.650000   33.750000    4598.589        0.0196       -0.2303        0.4074        0.2233      -12.7534
      143   98.750000   33.750000    4514.966        0.0180       -0.2029        0.2134        0.1864      -31.6988
      144   98.850000   33.750000    4379.580       -0.0094       -0.0240        0.4580        1.3280       31.1678
      145   98.950000   33.750000    4290.171       -0.0286       -0.1151       -0.1898       -0.2185       79.9122
      146   99.050000   33.750000    4368.263        0.0044       -0.0437       -1.3030       -0.6755      -22.0231
      147   99.150000   33.750000    4334.328        0.0129       -0.4633        0.3433        1.4300      -82.1162
      148   99.250000   33.750000    4194.584       -0.0331       -0.3077        0.0061        0.2723      108.5888
      149   99.350000   33.750000    4143.982       -0.0375       -0.2614       -0.3611        0.7356      104.1712
      150   99.450000   33.750000    4106.245       -0.0278        0.1567        0.5221       -0.7719       60.5126
      151   99.550000   33.750000    4145.170       -0.0197       -0.0463        1.2665       -0.2311       74.8885
      152   99.650000   33.750000    4130.641       -0.0273       -0.1521        1.3555        0.2544       89.5547
      153   99.750000   33.750000    4131.542       -0.0113        0.1211        0.6214       -0.4098      -18.6556
      154   99.850000   33.750000    4095.780       -0.0308       -0.1671        0.8062        1.0662       80.4727
      155   99.950000   33.750000    4117.784       -0.0236       -0.0801       -1.4050       -1.0307       62.9056
      156  100.050000   33.750000    4188.109        0.0079       -0.0037       -0.8601       -0.2483      -28.5771
      157  100.150000   33.750000    4161.674       -0.0000       -0.0720        0.8854        0.8194      -33.8561
      158  100.250000   33.750000    4078.486       -0.0428       -0.7240        0.6747        1.0950      129.2972
      159  100.350000   33.750000    4125.121       -0.0367       -0.6450        0.1874       -0.6140      119.0764
      160  100.450000   33.750000    4226.285        0.0093       -0.2110       -0.2601       -1.8280      -10.8387
      161   98.550000   33.850000    4504.646        0.0002       -0.1478        0.1803       -0.1036       45.0455
      162   98.650000   33.850000    4528.387        0.0209       -0.2117       -0.0257       -0.1327      -35.5150
      163   98.750000   33.850000    4427.023       -0.0019       -0.0294       -0.0131        0.7573       26.1179
      164   98.850000   33.850000    4345.305       -0.0072        0.0609       -0.2117       -0.5157      -12.1332
      165   98.950000   33.850000    4306.284       -0.0149       -0.2015        0.4205       -0.3453       76.3220
      166   99.050000   33.850000    4404.038        0.0388       -1.1501       -0.0798        0.2173     -139.0001
      167   99.150000   33.850000    4275.022       -0.0092       -0.0434        0.6651        2.0369       22.1384
      168   99.250000   33.850000    4334.432        0.0102       -0.2897       -1.7532       -2.4169      -44.0924
      169   99.350000   33.850000    4364.657        0.0303       -1.0565       -1.8852        2.4901     -116.7451
      170   99.450000   33.850000    4184.004       -0.0119        0.1227       -1.7121       -0.0688       13.9847
      171   99.550000   33.850000    4155.239        0.0002       -0.0604       -0.1165       -0.2966      -66.2974
      172   99.650000   33.850000    4118.464       -0.0246        0.1268       -0.3842        0.5323       43.9532
      173   99.750000   33.850000    4158.085       -0.0110       -0.0921       -2.5893       -0.4919      -23.7565
      174   99.850000   33.850000    4181.773        0.0016        0.0126       -1.4275       -0.5737      -21.2808
      175   99.950000   33.850000    4202.778        0.0226       -0.3985        0.7276        1.1697      -81.2203
      176  100.050000   33.850000    4160.763       -0.0093       -0.1213        1.9288        0.4059       43.5374
      177  100.150000   33.850000    4161.722       -0.0279       -0.6227       -1.3197       -0.8700      106.0642
      178  100.250000   33.850000    4301.653        0.0207       -0.3441       -2.5281       -1.2300      -39.1408
      179  100.350000   33.850000    4440.436        0.0664       -2.0944       -1.5849       -0.4422     -176.7883
      180  100.450000   33.850000    4359.855        0.0463       -1.2788       -2.7921        2.0623      -93.8566
      181   98.550000   33.950000    4454.467        0.0028       -0.0380        0.1310       -0.5401       19.2048
      182   98.650000   33.950000    4495.018        0.0122       -0.1092       -0.2605        0.2747       -8.8737
      183   98.750000   33.950000    4407.220        0.0014       -0.0388        0.1045       -0.1533      -15.7150
      184   98.850000   33.950000    4307.893       -0.0082        0.0787        0.3109        0.3733       33.5308
      185   98.950000   33.950000    4298.993        0.0066        0.0536       -0.7349       -0.1969      -24.4516
      186   99.050000   33.950000    4259.660       -0.0132        0.0332        0.8735        0.7272       48.8639
      187   99.150000   33.950000    4287.233       -0.0133        0.0511       -1.0492       -0.3400       19.8828
      188   99.250000   33.950000    4402.472        0.0123       -0.0761       -0.0273       -0.3398       10.4121
      189   99.350000   33.950000    4435.922        0.0343       -0.4633        0.5215        0.1237      -80.5792
      190   99.450000   33.950000    4256.119        0.0008        0.0299        0.8217        1.3778      -11.2938
      191   99.550000   33.950000    4161.303       -0.0216        0.0762       -0.2750       -0.1820       55.6273
      192   99.650000   33.950000    4213.493        0.0023        0.0291       -0.8012       -1.0289      -26.6651
      193   99.750000   33.950000    4217.067        0.0027        0.0600        0.6509        0.5060      -12.7162
      194   99.850000   33.950000    4164.961       -0.0143       -0.0142        1.0455        0.4365       55.2388
      195   99.950000   33.950000    4150.437       -0.0199       -0.3767       -0.5064       -0.2490       99.3919
      196  100.050000   33.950000    4216.859        0.0091       -0.0034       -0.8932       -0.8438       -6.3902
      197  100.150000   33.950000    4328.213        0.0331       -0.2367       -1.3990       -1.0111      -25.4837
      198  100.250000   33.950000    4420.919        0.0573       -0.7337       -0.4594        0.0324      -85.8528
      199  100.350000   33.950000    4444.451        0.0466       -0.5110        1.1547       -1.0097      -23.3105
      200  100.450000   33.950000    4392.903        0.0462       -0.7018        1.2232        0.6440      -68.9736
      201   98.550000   34.050000    4448.621        0.0133       -0.1891       -0.5139       -0.7608      -45.1384
      202   98.650000   34.050000    4482.380        0.0312       -0.6696        0.9618        0.3815      -98.4486
      203   98.750000   34.050000    4369.327        0.0115        0.0307        0.2062        0.7119        0.4187
      204   98.850000   34.050000    4264.300       -0.0096       -0.0811       -0.2237        0.3022       73.6156
      205   98.950000   34.050000    4243.728        0.0008        0.0448        1.1594        0.3785      -37.6555
      206   99.050000   34.050000    4187.284       -0.0239        0.0814        0.1110       -0.1709       64.7232
      207   99.150000   34.050000    4319.380        0.0059        0.0552       -0.1862       -1.2198        8.0305
      208   99.250000   34.050000    4444.860        0.0372       -0.6042        0.2000        0.0021      -94.5265
      209   99.350000   34.050000    4380.562        0.0057       -0.1234        0.9325        1.3113       18.8091
      210   99.450000   34.050000    4253.783       -0.0255       -0.3550       -0.6236       -0.2843       98.6463
      211   99.550000   34.050000    4252.203       -0.0063        0.0112       -0.4738       -0.2282      -27.9952
      212   99.650000   34.050000    4235.233       -0.0097        0.0767        0.6637        0.4738        9.7420
      213   99.750000   34.050000    4204.295       -0.0216       -0.0577        0.3151        0.3510       63.3247
      214   99.850000   34.050000    4222.004       -0.0138       -0.0241       -1.0727       -0.8016       45.6409
      215   99.950000   34.050000    4298.706        0.0137       -0.1169       -1.2523       -0.5767      -16.5033
      216  100.050000   34.050000    4334.452        0.0281       -0.4227       -0.2823        0.1175      -69.5345
      217  100.150000   34.050000    4325.726        0.0141       -0.1825        0.2501       -0.4774       -8.3063
      218  100.250000   34.050000    4296.778        0.0025       -0.1916        0.4693        0.2833       23.8979
      219  100.350000   34.050000    4281.501        0.0106       -0.2795        0.8470       -0.9161      -33.0207
      220  100.450000   34.050000    4229.091        0.0054       -0.2075        0.2403        0.8583       28.4826
      221   98.550000   34.150000    4392.991        0.0029        0.0188        0.0636        0.0287        9.0598
      222   98.650000   34.150000    4347.137       -0.0047        0.0076       -0.1668        0.2050       36.5303
      223   98.750000   34.150000    4323.374        0.0098       -0.1629        0.3550       -0.2622      -65.1713
      224   98.850000   34.150000    4271.141        0.0025        0.0466        0.3498        0.1869      -42.5235
      225   98.950000   34.150000    4216.057        0.0026        0.1535       -0.3872        0.3322      -28.4761
      226   99.050000   34.150000    4179.792       -0.0174        0.0377       -0.5196        0.1523       68.8867
      227   99.150000   34.150000    4313.616        0.0111       -0.1253        0.0256       -0.6272      -61.8313
      228   99.250000   34.150000    4375.128        0.0095       -0.0299        0.7219        0.2811      -10.7903
      229   99.350000   34.150000    4408.137        0.0256       -0.5406       -0.6372       -0.3843      -85.6016
      230   99.450000   34.150000    4371.184        0.0158       -0.3004        0.5587        0.9873      -55.4719
      231   99.550000   34.150000    4314.701       -0.0174       -0.1616        0.0134        0.3951       64.8238
      232   99.650000   34.150000    4329.760       -0.0203       -0.6543       -2.1232       -0.1724      106.7422
      233   99.750000   34.150000    4401.909        0.0162       -0.2486       -1.7831       -1.1689       -6.6480
      234   99.850000   34.150000    4437.124        0.0365       -0.4235       -0.6765       -0.2276      -54.4476
      235   99.950000   34.150000    4377.614        0.0203       -0.3385        0.8284        1.0663      -36.8780
      236  100.050000   34.150000    4301.421       -0.0072       -0.5094        0.9058        0.0458       88.2323
      237  100.150000   34.150000    4262.024       -0.0112       -0.6650       -0.7414        0.0552      106.1312
      238  100.250000   34.150000    4212.149       -0.0060       -0.2734       -1.6105        0.0434       52.1192
      239  100.350000   34.150000    4138.474       -0.0162       -0.1789       -1.0741        0.2789       54.6807
      240  100.450000   34.150000    4070.582       -0.0175       -0.1516        0.6101       -0.6645       61.0126
      241   98.550000   34.250000    4362.787        0.0222       -0.1950        0.2000        0.3101      -64.9553
      242   98.650000   34.250000    4254.997       -0.0067        0.1398        0.3040        0.9751       -6.0794
      243   98.750000   34.250000    4200.822       -0.0172        0.1777        0.0473       -0.0347       43.1298
      244   98.850000   34.250000    4209.232       -0.0154       -0.0914       -0.7800       -0.0686       79.7862
      245   98.950000   34.250000    4215.275       -0.0105        0.1552       -0.4939       -0.0674       30.8896
      246   99.050000   34.250000    4175.291       -0.0257        0.1090        0.4051        0.1036       60.2433
      247   99.150000   34.250000    4237.397       -0.0073        0.1707        0.6027       -0.0479        8.2589
      248   99.250000   34.250000    4298.219       -0.0097       -0.0161        0.1346       -0.1360       51.6583
      249   99.350000   34.250000    4375.303       -0.0062       -0.1290        0.3290       -0.5822       47.8796
      250   99.450000   34.250000    4403.863       -0.0035       -0.1997        0.2274        0.4813       50.6060
      251   99.550000   34.250000    4506.154        0.0258       -0.3610       -1.7157       -1.5766      -13.5044
      252   99.650000   34.250000    4683.853        0.0767       -1.5632       -0.3958       -0.3878     -149.1543
      253   99.750000   34.250000    4638.389        0.0591       -0.5421       -0.7832        0.5446      -34.3209
      254   99.850000   34.250000    4536.323        0.0367       -0.5685       -0.6827        1.5964      -41.3072
      255   99.950000   34.250000    4412.348        0.0113       -0.4929       -1.8734       -0.9278       50.3591
      256  100.050000   34.250000    4423.942        0.0465       -0.6530       -1.3206       -0.7966      -78.4285
      257  100.150000   34.250000    4356.570        0.0494       -0.7813       -0.0501        0.7382      -95.8971
      258  100.250000   34.250000    4239.521        0.0173       -0.1899        0.5861        0.5658      -16.1229
      259  100.350000   34.250000    4177.532        0.0139       -0.2671       -0.7047        0.5207      -55.6664
      260  100.450000   34.250000    4030.635       -0.0156       -0.2249       -1.0361        0.3325       76.9595
      261   98.550000   34.350000    4232.646       -0.0105        0.1175        0.8815        0.5280       41.5649
      262   98.650000   34.350000    4175.435       -0.0203        0.1286       -0.1755       -0.1309       58.6828
      263   98.750000   34.350000    4180.510       -0.0124        0.2267       -0.1835       -0.4009       28.8704
      264   98.850000   34.350000    4278.119        0.0207       -0.5596        0.5002       -0.7620     -105.4421
      265   98.950000   34.350000    4283.511        0.0152       -0.1488       -0.2270        0.9042      -65.4882
      266   99.050000   34.350000    4215.953       -0.0192        0.0740       -0.7825        0.2313       51.2847
      267   99.150000   34.350000    4277.496       -0.0056        0.0771       -0.4125        0.2841      -21.7431
      268   99.250000   34.350000    4366.355       -0.0038       -0.0123       -0.2355       -0.6487       18.5928
      269   99.350000   34.350000    4508.083        0.0202       -0.2507       -0.8006       -0.5328      -27.3326
      270   99.450000   34.350000    4542.932        0.0123       -0.4167       -1.0846        0.7586       49.1032
      271   99.550000   34.350000    4627.071        0.0381       -0.4576       -0.3085       -1.0368      -17.0035
      272   99.650000   34.350000    4685.898        0.0573       -0.6856        0.5427        0.4384      -49.3906
      273   99.750000   34.350000    4621.137        0.0430       -0.4916        0.4720       -0.3700       12.2903
      274   99.850000   34.350000    4551.302        0.0534       -0.8618       -1.6586        0.8432      -70.5740
      275   99.950000   34.350000    4439.568        0.0511       -1.0147        1.0816        0.1150     -103.2707
      276  100.050000   34.350000    4360.739        0.0279       -0.3363        1.2232        0.3147       35.2365
      277  100.150000   34.350000    4207.091        0.0105       -0.2321        1.0313        1.1263       46.8647
      278  100.250000   34.350000    4066.611       -0.0012       -0.0198        1.8296       -0.1955        0.2563
      279  100.350000   34.350000    4061.972        0.0140       -0.6806        3.2269        0.7255      -64.1087
      280  100.450000   34.350000    4040.405       -0.0160       -0.4997        0.4752       -0.3465       97.3400
      281   98.550000   34.450000    4254.238       -0.0157        0.0250       -1.1823       -0.9534       40.7233
      282   98.650000   34.450000    4255.144       -0.0001        0.0936       -0.9418        1.0137       -0.2638
      283   98.750000   34.450000    4162.632       -0.0220        0.1223        0.0599        0.1195       60.4144
      284   98.850000   34.450000    4189.533       -0.0166        0.1349        0.5389       -0.6718       46.9066
      285   98.950000   34.450000    4248.031       -0.0126        0.0579        1.0357        0.4808       37.1735
      286   99.050000   34.450000    4299.752       -0.0136       -0.1183       -0.8196       -0.6082       61.4679
      287   99.150000   34.450000    4379.879        0.0053       -0.1276       -0.2154        0.6708      -36.1662
      288   99.250000   34.450000    4458.656        0.0066       -0.1595       -0.0495       -1.1295       20.7169
      289   99.350000   34.450000    4668.956        0.0533       -1.1017       -0.3262       -1.3068     -104.8791
      290   99.450000   34.450000    4723.520        0.0559       -0.9149       -0.6583        1.0837      -82.3566
      291   99.550000   34.450000    4645.226        0.0340       -0.6160        0.4195        0.1834      -53.6675
      292   99.650000   34.450000    4510.637       -0.0017       -0.7628        2.1780        0.5289       85.2544
      293   99.750000   34.450000    4480.324        0.0205       -0.5726        1.5322        0.2921      -46.2427
      294   99.850000   34.450000    4328.912       -0.0030       -0.8098        2.2758        1.5512       93.7873
      295   99.950000   34.450000    4163.512       -0.0161       -0.6045        1.5417       -1.2546      112.7083
      296  100.050000   34.450000    4235.163        0.0337       -0.9872        1.4088       -0.9055     -108.1289
      297  100.150000   34.450000    4103.836        0.0134       -0.3707        1.9492        2.1843      -29.0151
      298  100.250000   34.450000    3895.538       -0.0537       -2.2238       -0.6258        0.3584      214.6305
      299  100.350000   34.450000    3987.455       -0.0040       -0.3846       -1.7129       -2.9558       50.6815
      300  100.450000   34.450000    4088.453        0.0380       -0.9407        0.4745        0.3611     -115.2292
      301   98.550000   34.550000    4378.106        0.0304       -0.7893        0.2051       -0.7271     -113.0082
      302   98.650000   34.550000    4324.054        0.0224       -0.4466        1.0833        1.3740      -82.1410
      303   98.750000   34.550000    4190.203       -0.0153        0.2082        0.2898        0.5409       19.5503
      304   98.850000   34.550000    4208.212       -0.0115        0.1915        0.1093       -0.4909       13.7114
      305   98.950000   34.550000    4301.451       -0.0071        0.0112       -0.3582       -0.4018       41.1460
      306   99.050000   34.550000    4436.163        0.0209       -0.4013       -0.5727       -0.3667      -65.8057
      307   99.150000   34.550000    4460.299        0.0013       -0.3644       -0.0938        0.1338       69.9737
      308   99.250000   34.550000    4560.545        0.0224       -0.4070       -1.2759        0.0825      -32.2352
      309   99.350000   34.550000    4648.312        0.0131       -0.9824       -0.1567       -1.3711       99.4720
      310   99.450000   34.550000    4748.468        0.0477       -0.8550        0.4420        0.6767      -65.0263
      311   99.550000   34.550000    4611.841        0.0159       -0.5314       -0.8103        0.1177       43.8922
      312   99.650000   34.550000    4474.216        0.0146       -0.6064       -1.3307       -0.1856      -56.9749
      313   99.750000   34.550000    4386.971        0.0198       -0.4396        0.4579       -0.1464      -52.2307
      314   99.850000   34.550000    4229.658        0.0155       -1.1254        1.3379        2.0558     -110.3163
      315   99.950000   34.550000    4042.933       -0.0431       -1.0895       -0.8899       -0.0581      152.5721
      316  100.050000   34.550000    4174.361        0.0064       -0.3000       -1.5695       -1.7654      -30.8920
      317  100.150000   34.550000    4131.250        0.0156       -0.6761       -0.9412        1.9782      -77.1486
      318  100.250000   34.550000    4081.225        0.0194       -0.4914       -0.1513       -2.6456      -50.2818
      319  100.350000   34.550000    4173.769        0.0491       -1.1093       -1.8234        2.0565     -100.7274
      320  100.450000   34.550000    3960.538       -0.0163       -0.4276        0.5702        0.2396       92.5354
      321   98.550000   34.650000    4315.838       -0.0005        0.0247        0.8371        0.3249        0.0267
      322   98.650000   34.650000    4236.617       -0.0195        0.0302        0.3440        0.6006       51.8114
      323   98.750000   34.650000    4230.896       -0.0241        0.0859       -0.8174       -0.3108       38.0811
      324   98.850000   34.650000    4293.248       -0.0095        0.0207        0.5825       -0.5625       -1.2205
      325   98.950000   34.650000    4424.276       -0.0043       -0.2081       -0.3505       -0.9957       44.3425
      326   99.050000   34.650000    4552.542        0.0316       -0.7338       -0.1431        0.6335      -85.4156
      327   99.150000   34.650000    4552.779        0.0184       -0.3185       -0.2272       -0.7037       31.4054
      328   99.250000   34.650000    4659.070        0.0434       -0.6067        0.6995       -0.1503      -55.0064
      329   99.350000   34.650000    4699.052        0.0419       -0.7500        0.1422       -0.0148      -62.2213
      330   99.450000   34.650000    4733.148        0.0313       -0.7509        1.0124       -0.2943       44.2413
      331   99.550000   34.650000    4696.323        0.0404       -0.6630       -1.3589        0.8215        9.6817
      332   99.650000   34.650000    4407.494       -0.0113       -1.8270       -0.4900        0.0007      168.6754
      333   99.750000   34.650000    4344.136        0.0381       -0.6527       -0.8131        0.0413      -84.3752
      334   99.850000   34.650000    4129.680       -0.0158       -1.0967       -1.3458        2.3825      116.5567
      335   99.950000   34.650000    4146.998        0.0185       -0.7092       -1.3874       -1.2762      -95.0469
      336  100.050000   34.650000    4224.270        0.0333       -0.3916        0.1154       -1.5988      -38.2881
      337  100.150000   34.650000    4186.765        0.0428       -0.8246       -0.3445        2.8809      -68.4403
      338  100.250000   34.650000    4049.312       -0.0105       -1.7398       -0.7274       -1.5131      164.5828
      339  100.350000   34.650000    4217.421        0.0736       -1.9926        1.7644       -0.4356     -160.1495
      340  100.450000   34.650000    4047.536        0.0614       -2.7093       -3.1449        1.9564     -171.6852
      341   98.550000   34.750000    4275.777        0.0053        0.0524       -0.3799       -0.0013      -19.4248
      342   98.650000   34.750000    4261.419       -0.0064        0.0936       -0.4134        0.3602       22.2341
      343   98.750000   34.750000    4332.205        0.0026        0.0261        0.1331       -0.3838       -1.5538
      344   98.850000   34.750000    4418.994        0.0014       -0.2763       -1.3295       -0.3501       55.6229
      345   98.950000   34.750000    4571.958        0.0288       -0.4858       -1.0860       -0.5336      -54.9235
      346   99.050000   34.750000    4617.772        0.0311       -0.3672       -0.3620        0.2212       -5.8776
      347   99.150000   34.750000    4620.722        0.0340       -0.6264       -0.5781        0.1015      -59.5310
      348   99.250000   34.750000    4585.164        0.0366       -0.6785        1.3104        0.1916      -63.8539
      349   99.350000   34.750000    4569.135        0.0181       -0.6028        1.8511        1.0888       31.9550
      350   99.450000   34.750000    4874.492        0.0902       -2.3833       -2.9427       -5.0639     -101.1952
      351   99.550000   34.750000    4850.936        0.1163       -4.6836        2.0563        2.2307     -246.2567
      352   99.650000   34.750000    4311.110       -0.0196       -1.2028        1.9309        2.8950      123.0979
      353   99.750000   34.750000    4204.180       -0.0182       -0.3546        2.4071       -0.7286       41.9388
      354   99.850000   34.750000    4110.045       -0.0251       -0.8589        1.9172        1.8948       89.9970
      355   99.950000   34.750000    4045.230        0.0130       -1.5771        3.0596       -0.6086     -129.4420
      356  100.050000   34.750000    3995.517       -0.0006       -0.2029        1.7733       -1.7290       18.7785
      357  100.150000   34.750000    4027.178        0.0476       -2.5278        3.3029       -0.9397     -163.8143
      358  100.250000   34.750000    3946.670        0.0317       -0.3672        0.9198       -0.8635      -52.4563
      359  100.350000   34.750000    3924.335        0.0231       -0.3244        1.2347        0.9547       45.5346
      360  100.450000   34.750000    3879.402        0.0367       -1.6752        2.9960        1.8461     -131.4941
      361   98.550000   34.850000    4252.642        0.0025        0.1080        0.2390        0.0873       16.4937
      362   98.650000   34.850000    4309.587        0.0105        0.0492       -0.0080       -0.3486        9.8894
      363   98.750000   34.850000    4420.001        0.0093       -0.1095       -0.3552       -0.2995       21.0062
      364   98.850000   34.850000    4595.130        0.0512       -0.9913       -0.8839       -1.6225      -97.5111
      365   98.950000   34.850000    4611.191        0.0310       -0.4799        0.2956        1.2239       36.7157
      366   99.050000   34.850000    4643.385        0.0382       -0.4399       -0.5922       -0.7092       -5.6202
      367   99.150000   34.850000    4620.116        0.0491       -0.6700       -1.0356        0.2745      -60.0599
      368   99.250000   34.850000    4437.195        0.0122       -0.3204       -1.2560        1.1647       42.4272
      369   99.350000   34.850000    4432.037       -0.0116       -1.0828       -0.6212       -1.6812      133.1792
      370   99.450000   34.850000    4819.459        0.1090       -7.7140        3.1676        0.6640     -249.2938
      371   99.550000   34.850000    4577.239       -0.0191       -4.8102       -0.9802        1.1741      241.4440
      372   99.650000   34.850000    4403.252       -0.0127       -1.6400       -4.1493       -1.1835      117.5304
      373   99.750000   34.850000    4355.104        0.0495       -2.3107       -2.5628       -0.8014     -167.2073
      374   99.850000   34.850000    4165.411        0.0191       -0.6500        1.0155        2.5533      -44.8701
      375   99.950000   34.850000    3973.796       -0.0204       -1.1122       -3.2659       -0.6195      123.3172
      376  100.050000   34.850000    3895.720       -0.0285       -1.3726       -3.9338        0.8268      128.1391
      377  100.150000   34.850000    3778.698       -0.0318       -1.8537       -4.5821        0.5978      143.2098
      378  100.250000   34.850000    3645.674       -0.0344       -0.2090       -0.5726        0.1773      100.1433
      379  100.350000   34.850000    3621.460       -0.0450       -1.0583       -0.8239       -2.2866      147.9055
      380  100.450000   34.850000    3766.364       -0.0209       -0.4276       -2.7179        1.0465       63.4902
      381   98.550000   34.950000    4252.023       -0.0120        0.0402       -0.1088       -0.2571       40.7373
      382   98.650000   34.950000    4366.532        0.0068       -0.0475       -0.4194       -0.6665        8.5559
      383   98.750000   34.950000    4502.022        0.0310       -0.2356       -0.5839       -0.7598      -12.6733
      384   98.850000   34.950000    4566.364        0.0520       -1.0744        1.2668        1.4309      -97.9140
      385   98.950000   34.950000    4573.636        0.0260       -0.4736       -0.0013       -1.4187       35.8900
      386   99.050000   34.950000    4632.407        0.0585       -1.2342        0.9457        0.9236     -115.8829
      387   99.150000   34.950000    4480.789        0.0313       -0.2951        1.2334       -0.1530        4.8479
      388   99.250000   34.950000    4303.815        0.0138       -0.1621        1.1102        1.9010      -15.4019
      389   99.350000   34.950000    4309.363       -0.0096       -0.5368       -0.6441       -2.1586       87.4025
      390   99.450000   34.950000    4578.440        0.0568       -1.6835        0.4217       -1.4992     -136.3937
      391   99.550000   34.950000    4607.996        0.0784       -2.6761        1.7507       -0.6709     -173.2377
      392   99.650000   34.950000    4560.174        0.0949       -3.5020        1.8524        1.3790     -203.3461
      393   99.750000   34.950000    4339.000        0.0414       -0.5864       -0.9451        0.7480       28.8129
      394   99.850000   34.950000    4212.950        0.0387       -0.4520       -2.1659       -0.9869        0.8001
      395   99.950000   34.950000    4120.937        0.0559       -1.1786        1.3945        0.9017     -116.6547
      396  100.050000   34.950000    3905.358        0.0180       -0.5174        4.0019       -0.1150        6.1002
      397  100.150000   34.950000    3753.778        0.0295       -1.8778        4.5194       -0.6272     -137.0079
      398  100.250000   34.950000    3536.511       -0.0175       -0.4752        1.9332        2.7260      -74.6251
      399  100.350000   34.950000    3575.282       -0.0146       -0.1879       -1.3820       -3.5513       13.2511
      400  100.450000   34.950000    3905.467        0.0651       -2.5618        0.6368       -1.4612     -199.2680
