 number long(deg/decimal) lat ellipHeight(m)
        1   98.550000   33.050000    4372.431
        2   98.650000   33.050000    4372.834
        3   98.750000   33.050000    4530.959
        4   98.850000   33.050000    4567.407
        5   98.950000   33.050000    4646.551
        6   99.050000   33.050000    4672.380
        7   99.150000   33.050000    4611.765
        8   99.250000   33.050000    4475.199
        9   99.350000   33.050000    4447.885
       10   99.450000   33.050000    4506.390
       11   99.550000   33.050000    4518.735
       12   99.650000   33.050000    4475.022
       13   99.750000   33.050000    4378.569
       14   99.850000   33.050000    4354.066
       15   99.950000   33.050000    4278.495
       16  100.050000   33.050000    4218.105
       17  100.150000   33.050000    4290.157
       18  100.250000   33.050000    4305.234
       19  100.350000   33.050000    4237.498
       20  100.450000   33.050000    4184.618
       21   98.550000   33.150000    4340.693
       22   98.650000   33.150000    4541.246
       23   98.750000   33.150000    4688.109
       24   98.850000   33.150000    4691.217
       25   98.950000   33.150000    4672.256
       26   99.050000   33.150000    4589.422
       27   99.150000   33.150000    4475.800
       28   99.250000   33.150000    4467.585
       29   99.350000   33.150000    4443.482
       30   99.450000   33.150000    4428.700
       31   99.550000   33.150000    4466.673
       32   99.650000   33.150000    4427.053
       33   99.750000   33.150000    4412.459
       34   99.850000   33.150000    4416.081
       35   99.950000   33.150000    4326.951
       36  100.050000   33.150000    4303.598
       37  100.150000   33.150000    4313.153
       38  100.250000   33.150000    4218.308
       39  100.350000   33.150000    4138.722
       40  100.450000   33.150000    4091.170
       41   98.550000   33.250000    4409.082
       42   98.650000   33.250000    4663.422
       43   98.750000   33.250000    4800.781
       44   98.850000   33.250000    4754.024
       45   98.950000   33.250000    4674.698
       46   99.050000   33.250000    4658.887
       47   99.150000   33.250000    4632.609
       48   99.250000   33.250000    4513.422
       49   99.350000   33.250000    4405.363
       50   99.450000   33.250000    4445.303
       51   99.550000   33.250000    4405.671
       52   99.650000   33.250000    4344.604
       53   99.750000   33.250000    4398.319
       54   99.850000   33.250000    4398.681
       55   99.950000   33.250000    4359.588
       56  100.050000   33.250000    4362.829
       57  100.150000   33.250000    4307.864
       58  100.250000   33.250000    4220.813
       59  100.350000   33.250000    4199.346
       60  100.450000   33.250000    4170.042
       61   98.550000   33.350000    4467.810
       62   98.650000   33.350000    4640.203
       63   98.750000   33.350000    4746.893
       64   98.850000   33.350000    4716.507
       65   98.950000   33.350000    4695.034
       66   99.050000   33.350000    4772.661
       67   99.150000   33.350000    4736.960
       68   99.250000   33.350000    4631.234
       69   99.350000   33.350000    4479.798
       70   99.450000   33.350000    4333.037
       71   99.550000   33.350000    4330.604
       72   99.650000   33.350000    4368.944
       73   99.750000   33.350000    4379.755
       74   99.850000   33.350000    4303.060
       75   99.950000   33.350000    4322.892
       76  100.050000   33.350000    4300.283
       77  100.150000   33.350000    4282.152
       78  100.250000   33.350000    4285.493
       79  100.350000   33.350000    4337.795
       80  100.450000   33.350000    4197.931
       81   98.550000   33.450000    4520.276
       82   98.650000   33.450000    4600.827
       83   98.750000   33.450000    4654.728
       84   98.850000   33.450000    4585.899
       85   98.950000   33.450000    4580.227
       86   99.050000   33.450000    4703.335
       87   99.150000   33.450000    4701.017
       88   99.250000   33.450000    4580.363
       89   99.350000   33.450000    4406.515
       90   99.450000   33.450000    4313.940
       91   99.550000   33.450000    4321.853
       92   99.650000   33.450000    4364.745
       93   99.750000   33.450000    4255.985
       94   99.850000   33.450000    4263.256
       95   99.950000   33.450000    4264.050
       96  100.050000   33.450000    4269.619
       97  100.150000   33.450000    4236.598
       98  100.250000   33.450000    4301.838
       99  100.350000   33.450000    4359.594
      100  100.450000   33.450000    4206.593
      101   98.550000   33.550000    4659.023
      102   98.650000   33.550000    4720.232
      103   98.750000   33.550000    4664.799
      104   98.850000   33.550000    4548.364
      105   98.950000   33.550000    4516.477
      106   99.050000   33.550000    4655.480
      107   99.150000   33.550000    4639.858
      108   99.250000   33.550000    4514.902
      109   99.350000   33.550000    4453.390
      110   99.450000   33.550000    4339.583
      111   99.550000   33.550000    4295.476
      112   99.650000   33.550000    4352.573
      113   99.750000   33.550000    4264.804
      114   99.850000   33.550000    4201.857
      115   99.950000   33.550000    4217.313
      116  100.050000   33.550000    4219.677
      117  100.150000   33.550000    4129.894
      118  100.250000   33.550000    4173.375
      119  100.350000   33.550000    4280.313
      120  100.450000   33.550000    4309.546
      121   98.550000   33.650000    4679.982
      122   98.650000   33.650000    4697.547
      123   98.750000   33.650000    4618.284
      124   98.850000   33.650000    4495.173
      125   98.950000   33.650000    4356.544
      126   99.050000   33.650000    4415.016
      127   99.150000   33.650000    4406.735
      128   99.250000   33.650000    4334.404
      129   99.350000   33.650000    4300.596
      130   99.450000   33.650000    4198.764
      131   99.550000   33.650000    4283.543
      132   99.650000   33.650000    4364.644
      133   99.750000   33.650000    4217.270
      134   99.850000   33.650000    4190.659
      135   99.950000   33.650000    4155.409
      136  100.050000   33.650000    4115.454
      137  100.150000   33.650000    4127.593
      138  100.250000   33.650000    4070.042
      139  100.350000   33.650000    4231.230
      140  100.450000   33.650000    4285.395
      141   98.550000   33.750000    4618.993
      142   98.650000   33.750000    4598.589
      143   98.750000   33.750000    4514.966
      144   98.850000   33.750000    4379.580
      145   98.950000   33.750000    4290.171
      146   99.050000   33.750000    4368.263
      147   99.150000   33.750000    4334.328
      148   99.250000   33.750000    4194.584
      149   99.350000   33.750000    4143.982
      150   99.450000   33.750000    4106.245
      151   99.550000   33.750000    4145.170
      152   99.650000   33.750000    4130.641
      153   99.750000   33.750000    4131.542
      154   99.850000   33.750000    4095.780
      155   99.950000   33.750000    4117.784
      156  100.050000   33.750000    4188.109
      157  100.150000   33.750000    4161.674
      158  100.250000   33.750000    4078.486
      159  100.350000   33.750000    4125.121
      160  100.450000   33.750000    4226.285
      161   98.550000   33.850000    4504.646
      162   98.650000   33.850000    4528.387
      163   98.750000   33.850000    4427.023
      164   98.850000   33.850000    4345.305
      165   98.950000   33.850000    4306.284
      166   99.050000   33.850000    4404.038
      167   99.150000   33.850000    4275.022
      168   99.250000   33.850000    4334.432
      169   99.350000   33.850000    4364.657
      170   99.450000   33.850000    4184.004
      171   99.550000   33.850000    4155.239
      172   99.650000   33.850000    4118.464
      173   99.750000   33.850000    4158.085
      174   99.850000   33.850000    4181.773
      175   99.950000   33.850000    4202.778
      176  100.050000   33.850000    4160.763
      177  100.150000   33.850000    4161.722
      178  100.250000   33.850000    4301.653
      179  100.350000   33.850000    4440.436
      180  100.450000   33.850000    4359.855
      181   98.550000   33.950000    4454.467
      182   98.650000   33.950000    4495.018
      183   98.750000   33.950000    4407.220
      184   98.850000   33.950000    4307.893
      185   98.950000   33.950000    4298.993
      186   99.050000   33.950000    4259.660
      187   99.150000   33.950000    4287.233
      188   99.250000   33.950000    4402.472
      189   99.350000   33.950000    4435.922
      190   99.450000   33.950000    4256.119
      191   99.550000   33.950000    4161.303
      192   99.650000   33.950000    4213.493
      193   99.750000   33.950000    4217.067
      194   99.850000   33.950000    4164.961
      195   99.950000   33.950000    4150.437
      196  100.050000   33.950000    4216.859
      197  100.150000   33.950000    4328.213
      198  100.250000   33.950000    4420.919
      199  100.350000   33.950000    4444.451
      200  100.450000   33.950000    4392.903
      201   98.550000   34.050000    4448.621
      202   98.650000   34.050000    4482.380
      203   98.750000   34.050000    4369.327
      204   98.850000   34.050000    4264.300
      205   98.950000   34.050000    4243.728
      206   99.050000   34.050000    4187.284
      207   99.150000   34.050000    4319.380
      208   99.250000   34.050000    4444.860
      209   99.350000   34.050000    4380.562
      210   99.450000   34.050000    4253.783
      211   99.550000   34.050000    4252.203
      212   99.650000   34.050000    4235.233
      213   99.750000   34.050000    4204.295
      214   99.850000   34.050000    4222.004
      215   99.950000   34.050000    4298.706
      216  100.050000   34.050000    4334.452
      217  100.150000   34.050000    4325.726
      218  100.250000   34.050000    4296.778
      219  100.350000   34.050000    4281.501
      220  100.450000   34.050000    4229.091
      221   98.550000   34.150000    4392.991
      222   98.650000   34.150000    4347.137
      223   98.750000   34.150000    4323.374
      224   98.850000   34.150000    4271.141
      225   98.950000   34.150000    4216.057
      226   99.050000   34.150000    4179.792
      227   99.150000   34.150000    4313.616
      228   99.250000   34.150000    4375.128
      229   99.350000   34.150000    4408.137
      230   99.450000   34.150000    4371.184
      231   99.550000   34.150000    4314.701
      232   99.650000   34.150000    4329.760
      233   99.750000   34.150000    4401.909
      234   99.850000   34.150000    4437.124
      235   99.950000   34.150000    4377.614
      236  100.050000   34.150000    4301.421
      237  100.150000   34.150000    4262.024
      238  100.250000   34.150000    4212.149
      239  100.350000   34.150000    4138.474
      240  100.450000   34.150000    4070.582
      241   98.550000   34.250000    4362.787
      242   98.650000   34.250000    4254.997
      243   98.750000   34.250000    4200.822
      244   98.850000   34.250000    4209.232
      245   98.950000   34.250000    4215.275
      246   99.050000   34.250000    4175.291
      247   99.150000   34.250000    4237.397
      248   99.250000   34.250000    4298.219
      249   99.350000   34.250000    4375.303
      250   99.450000   34.250000    4403.863
      251   99.550000   34.250000    4506.154
      252   99.650000   34.250000    4683.853
      253   99.750000   34.250000    4638.389
      254   99.850000   34.250000    4536.323
      255   99.950000   34.250000    4412.348
      256  100.050000   34.250000    4423.942
      257  100.150000   34.250000    4356.570
      258  100.250000   34.250000    4239.521
      259  100.350000   34.250000    4177.532
      260  100.450000   34.250000    4030.635
      261   98.550000   34.350000    4232.646
      262   98.650000   34.350000    4175.435
      263   98.750000   34.350000    4180.510
      264   98.850000   34.350000    4278.119
      265   98.950000   34.350000    4283.511
      266   99.050000   34.350000    4215.953
      267   99.150000   34.350000    4277.496
      268   99.250000   34.350000    4366.355
      269   99.350000   34.350000    4508.083
      270   99.450000   34.350000    4542.932
      271   99.550000   34.350000    4627.071
      272   99.650000   34.350000    4685.898
      273   99.750000   34.350000    4621.137
      274   99.850000   34.350000    4551.302
      275   99.950000   34.350000    4439.568
      276  100.050000   34.350000    4360.739
      277  100.150000   34.350000    4207.091
      278  100.250000   34.350000    4066.611
      279  100.350000   34.350000    4061.972
      280  100.450000   34.350000    4040.405
      281   98.550000   34.450000    4254.238
      282   98.650000   34.450000    4255.144
      283   98.750000   34.450000    4162.632
      284   98.850000   34.450000    4189.533
      285   98.950000   34.450000    4248.031
      286   99.050000   34.450000    4299.752
      287   99.150000   34.450000    4379.879
      288   99.250000   34.450000    4458.656
      289   99.350000   34.450000    4668.956
      290   99.450000   34.450000    4723.520
      291   99.550000   34.450000    4645.226
      292   99.650000   34.450000    4510.637
      293   99.750000   34.450000    4480.324
      294   99.850000   34.450000    4328.912
      295   99.950000   34.450000    4163.512
      296  100.050000   34.450000    4235.163
      297  100.150000   34.450000    4103.836
      298  100.250000   34.450000    3895.538
      299  100.350000   34.450000    3987.455
      300  100.450000   34.450000    4088.453
      301   98.550000   34.550000    4378.106
      302   98.650000   34.550000    4324.054
      303   98.750000   34.550000    4190.203
      304   98.850000   34.550000    4208.212
      305   98.950000   34.550000    4301.451
      306   99.050000   34.550000    4436.163
      307   99.150000   34.550000    4460.299
      308   99.250000   34.550000    4560.545
      309   99.350000   34.550000    4648.312
      310   99.450000   34.550000    4748.468
      311   99.550000   34.550000    4611.841
      312   99.650000   34.550000    4474.216
      313   99.750000   34.550000    4386.971
      314   99.850000   34.550000    4229.658
      315   99.950000   34.550000    4042.933
      316  100.050000   34.550000    4174.361
      317  100.150000   34.550000    4131.250
      318  100.250000   34.550000    4081.225
      319  100.350000   34.550000    4173.769
      320  100.450000   34.550000    3960.538
      321   98.550000   34.650000    4315.838
      322   98.650000   34.650000    4236.617
      323   98.750000   34.650000    4230.896
      324   98.850000   34.650000    4293.248
      325   98.950000   34.650000    4424.276
      326   99.050000   34.650000    4552.542
      327   99.150000   34.650000    4552.779
      328   99.250000   34.650000    4659.070
      329   99.350000   34.650000    4699.052
      330   99.450000   34.650000    4733.148
      331   99.550000   34.650000    4696.323
      332   99.650000   34.650000    4407.494
      333   99.750000   34.650000    4344.136
      334   99.850000   34.650000    4129.680
      335   99.950000   34.650000    4146.998
      336  100.050000   34.650000    4224.270
      337  100.150000   34.650000    4186.765
      338  100.250000   34.650000    4049.312
      339  100.350000   34.650000    4217.421
      340  100.450000   34.650000    4047.536
      341   98.550000   34.750000    4275.777
      342   98.650000   34.750000    4261.419
      343   98.750000   34.750000    4332.205
      344   98.850000   34.750000    4418.994
      345   98.950000   34.750000    4571.958
      346   99.050000   34.750000    4617.772
      347   99.150000   34.750000    4620.722
      348   99.250000   34.750000    4585.164
      349   99.350000   34.750000    4569.135
      350   99.450000   34.750000    4874.492
      351   99.550000   34.750000    4850.936
      352   99.650000   34.750000    4311.110
      353   99.750000   34.750000    4204.180
      354   99.850000   34.750000    4110.045
      355   99.950000   34.750000    4045.230
      356  100.050000   34.750000    3995.517
      357  100.150000   34.750000    4027.178
      358  100.250000   34.750000    3946.670
      359  100.350000   34.750000    3924.335
      360  100.450000   34.750000    3879.402
      361   98.550000   34.850000    4252.642
      362   98.650000   34.850000    4309.587
      363   98.750000   34.850000    4420.001
      364   98.850000   34.850000    4595.130
      365   98.950000   34.850000    4611.191
      366   99.050000   34.850000    4643.385
      367   99.150000   34.850000    4620.116
      368   99.250000   34.850000    4437.195
      369   99.350000   34.850000    4432.037
      370   99.450000   34.850000    4819.459
      371   99.550000   34.850000    4577.239
      372   99.650000   34.850000    4403.252
      373   99.750000   34.850000    4355.104
      374   99.850000   34.850000    4165.411
      375   99.950000   34.850000    3973.796
      376  100.050000   34.850000    3895.720
      377  100.150000   34.850000    3778.698
      378  100.250000   34.850000    3645.674
      379  100.350000   34.850000    3621.460
      380  100.450000   34.850000    3766.364
      381   98.550000   34.950000    4252.023
      382   98.650000   34.950000    4366.532
      383   98.750000   34.950000    4502.022
      384   98.850000   34.950000    4566.364
      385   98.950000   34.950000    4573.636
      386   99.050000   34.950000    4632.407
      387   99.150000   34.950000    4480.789
      388   99.250000   34.950000    4303.815
      389   99.350000   34.950000    4309.363
      390   99.450000   34.950000    4578.440
      391   99.550000   34.950000    4607.996
      392   99.650000   34.950000    4560.174
      393   99.750000   34.950000    4339.000
      394   99.850000   34.950000    4212.950
      395   99.950000   34.950000    4120.937
      396  100.050000   34.950000    3905.358
      397  100.150000   34.950000    3753.778
      398  100.250000   34.950000    3536.511
      399  100.350000   34.950000    3575.282
      400  100.450000   34.950000    3905.467
